,Flow Duration,Total Fwd Packets,Total Backward Packets,Fwd Packets Length Total,Bwd Packets Length Total,Fwd Packet Length Max,Fwd Packet Length Mean,Fwd Packet Length Std,Bwd Packet Length Max,Bwd Packet Length Mean,Bwd Packet Length Std,Flow Bytes/s,Flow Packets/s,Flow IAT Mean,Flow IAT Std,Flow IAT Max,Flow IAT Min,Fwd IAT Total,Fwd IAT Mean,Fwd IAT Std,Fwd IAT Max,Fwd IAT Min,Bwd IAT Total,Bwd IAT Mean,Bwd IAT Std,Bwd IAT Max,Bwd IAT Min,Fwd PSH Flags,Fwd Header Length,Bwd Header Length,Fwd Packets/s,Bwd Packets/s,Packet Length Max,Packet Length Mean,Packet Length Std,Packet Length Variance,SYN Flag Count,URG Flag Count,Avg Packet Size,Avg Fwd Segment Size,Avg Bwd Segment Size,Subflow Fwd Packets,Subflow Fwd Bytes,Subflow Bwd Packets,Subflow Bwd Bytes,Init Fwd Win Bytes,Init Bwd Win Bytes,Fwd Act Data Packets,Fwd Seg Size Min,Active Mean,Active Std,Active Max,Active Min,Idle Mean,Idle Std,Idle Max,Idle Min
Flow Duration,1.0,0.000822128587917658,0.0012183735431100914,0.00037554298513588035,0.0007942771619408817,0.00488537082642753,0.00015843052613166825,0.002237069954943533,0.013939943911657886,0.009719594401249332,0.012140347021656442,-0.0008225817546844259,-0.00231799903132158,0.5429790832716654,-0.7158752109372306,-0.49869143319565723,0.8149277443450393,0.9999768387665418,0.5430822902473651,-0.7158635819988648,-0.49871571940785603,0.8149417218314892,0.03896215951158095,0.017668985312112556,0.02588086035068665,0.027471667854991645,0.00709461873621154,0.0007606229821466124,5.727035176812268e-05,9.393799892824748e-05,-0.00193509260579489,-0.0022447341501822997,0.011996926403784353,0.009438007947576137,0.01067455677633569,0.0052071207176758345,0.0005506102303431197,-0.002915408599864403,0.00798914537084673,0.00015843052613166825,0.009719594401249332,0.000822128587917658,0.00037553928671060283,0.0012183735431100914,0.0007942703882508801,0.0074168136356793915,-0.0068005152751387824,0.0006336355967282755,8.599595748510006e-05,0.006452046606793725,0.007741704370018595,0.009728310716141202,0.004316079960726874,-0.6672806323824421,-0.6685220231919184,-0.6846356404632145,-0.15982579303092628
Total Fwd Packets,0.000822128587917658,1.0,0.9782162155383004,0.13606875538068997,0.9854871480603213,0.010267919997537202,0.00042006580400891095,0.0012749302086135672,0.053170336777780464,0.05310940678146516,0.020864640810429477,0.0018362039978989345,-0.0013663081694029384,-0.00016716084575149365,0.0002990183529726267,0.00041816328169516474,-0.0003343498150986809,0.0007804624775574268,-0.00015433290099282362,0.00031819938840292166,0.0003910821841654831,-0.0003370211369492936,0.02651426085457121,0.0003074312217782593,0.004041012293846067,0.011351841368150619,-0.0010753815723068111,0.0035655500900538288,0.00032863641985100784,0.0008081527586253778,-0.0011557620087512817,-0.0012703430327332575,0.044706452705297224,0.05009487556261465,0.03161160320398039,0.021345713457406067,0.004493920151358476,-0.003184664553665868,0.04755172273612859,0.00042006580400891095,0.05310940678146516,1.0,0.13606944142569014,0.9782162155383004,0.9854805702590862,0.0007987172167576713,0.0006376356215450959,0.8779265361362555,2.649541318203095e-07,0.02038294262735734,0.009598387846435139,0.020886269017985154,0.019595804443958507,0.0005228592853252986,0.00035831037491681214,0.0004423762267768494,0.00088187830720258
Total Backward Packets,0.0012183735431100914,0.9782162155383004,1.0,0.07078946122076686,0.9882903397455254,0.009793772724568762,-0.00169176240009681,-0.00024711855009185943,0.05567332222943062,0.06766889767817041,0.019080095394469407,0.0018106654834354505,-0.0015378607480233926,-0.00020247572887122745,-1.4627944897663274e-05,0.00013731408299210305,-3.847114921691528e-05,0.0011184545157862681,-0.0001941285956370948,6.50038936649028e-06,7.008920161209319e-05,-4.1167958007756546e-05,0.03142005332704861,-0.0004935110919805375,0.0033065122672946063,0.01639893439701696,-0.0011763099563967833,0.00561064035913184,0.0005413707798393598,0.0008692644982803441,-0.0013781113387026425,-0.0011374053508200546,0.04623809920869243,0.06886877721444767,0.034582404731819325,0.022726161615778097,0.007043611630027339,-0.003035984144695962,0.06560668258458842,-0.00169176240009681,0.06766889767817041,0.9782162155383004,0.07079002071925745,1.0,0.9882844118497108,-0.00043282042047764846,-0.0019469686766877983,0.8415474949118318,4.099675896398255e-05,0.025699045802947518,0.008937054225284166,0.024844175067977804,0.026155295820544214,0.0003262640124084564,4.182230152983558e-05,0.00013879636540513178,0.0012946023188595006
Fwd Packets Length Total,0.00037554298513588035,0.13606875538068997,0.07078946122076686,1.0,0.03749232559128851,0.049093473107810724,0.05118437469444829,0.029465130852274507,0.010868465938964374,0.007216988996640591,0.0076486589993261895,0.001283975023636123,-0.001055189928200192,-0.00012933775312818277,9.515465902275235e-06,2.702097005477678e-05,-2.6860035463164828e-05,0.00037649548561008423,-0.00011203245943659731,3.248786987200569e-05,3.088407576738188e-05,-2.8938651450936377e-05,0.010177975421014084,0.0006561372900466167,0.005073506526122424,0.006410961117492812,-0.0008623180376980572,0.0004476086328469613,-7.142846440537153e-05,4.5007868435763424e-05,-0.0008806059111169674,-0.0010249451878426533,0.03858727307345271,0.02688052347277481,0.026403204942240386,0.04066086362997066,0.0018480026444392165,-0.0006491517124430703,0.02604419296085397,0.05118437469444829,0.007216988996640591,0.13606875538068997,0.9999999827001333,0.07078946122076687,0.03749307304796539,0.00204647941834638,0.0036049639783765682,0.1590633787880863,1.4256698068273473e-05,0.009660084341661348,0.017889468881374184,0.019263685083324975,0.00474634359690365,6.998070417011873e-05,3.3071654767004934e-05,3.174297412728554e-05,0.00023327862147536107
Bwd Packets Length Total,0.0007942771619408817,0.9854871480603213,0.9882903397455254,0.03749232559128851,1.0,0.005476960960429118,-0.0033626282328993538,-0.002115884484776974,0.048314079122585084,0.053735723491008074,0.014635142850483873,0.002057949588817414,-0.0007529188587282835,-0.00011042560703903128,-1.9862565758562134e-05,8.175766098576802e-05,-1.9234807313794817e-05,0.0007268593384844105,-0.00011489683801489717,-1.0491227466401038e-05,3.5388621691126877e-05,-2.109774356788436e-05,0.020201717511505474,-0.001260001641502316,-3.752495064032298e-05,0.008952192251877612,-0.0007547340608624036,0.004176947931775815,0.0005698364993222216,0.0009277315469820419,-0.0006845122351822188,-0.0005210764222748545,0.039582656143778316,0.052641205850373504,0.02676130951831663,0.020377355173173652,0.004710051371884638,-0.0017984460752762676,0.05026236595547347,-0.0033626282328993538,0.053735723491008074,0.9854871480603213,0.03749289182094761,0.9882903397455254,0.9999998558147389,-0.0005147724171937211,-0.0026805880681990343,0.8618688703454387,4.156867890995759e-05,0.018892798422596432,0.004862822671617943,0.017102656353457067,0.019911591319228206,0.00018520838108937335,2.3523538307323208e-05,7.918942544116219e-05,0.0007360456763960211
Fwd Packet Length Max,0.00488537082642753,0.010267919997537202,0.009793772724568762,0.049093473107810724,0.005476960960429118,1.0,0.8747989630788642,0.9656897436021311,0.3194523589596082,0.1799200736559184,0.3649254671124147,0.007092483552303978,-0.051447376735356376,-0.006227511716075601,0.0004357670272210572,-0.0003197501716065215,-0.001309724745707447,0.005017502681283223,-0.0052360424983218445,0.0015792339522986642,-7.514496119821396e-05,-0.0014089258737061397,0.18115998617325854,0.034873339965886936,0.22225090651636942,0.18571676579924296,-0.041315748306148876,-0.05713173514373247,0.001818613370400509,0.0024349865196262345,-0.042742977201880084,-0.050687321057215635,0.7773921947839624,0.504860009101325,0.7495106214210377,0.6265907690645539,-0.06627581007606832,-0.017095374771045196,0.5079044110169584,0.8747989630788642,0.1799200736559184,0.010267919997537202,0.049094073026594236,0.009793772724568762,0.00547714712334235,0.20879196808702116,0.27285236092079,0.007828569410836686,0.0025142920566464323,0.02256411103802762,0.01797359754858808,0.03556652329029624,0.02081507596581606,-0.00020274454682904684,0.0010304047456877615,-0.00014913335550377745,-0.00176606570379328
Fwd Packet Length Mean,0.00015843052613166825,0.00042006580400891095,-0.00169176240009681,0.05118437469444829,-0.0033626282328993538,0.8747989630788642,1.0,0.8742102282439007,0.14246057268921325,0.06756096851971112,0.18724925244540733,0.031197726512056972,-0.04175157706520744,-0.00597895231327472,0.00034798989928997467,-0.0006187605037458001,-0.0012380062057211147,0.00024883743480847386,-0.005113775594260181,0.001278590096011474,-0.0004245682939072023,-0.0012503943218954245,0.0597405372923538,0.026228347314133652,0.18387530932368884,0.15024032551399644,-0.021123122871192293,-0.004538902682113765,0.0006829157328248986,0.0012898329547789892,-0.034526738083102096,-0.041818893641829974,0.6273202313677257,0.4779673569409138,0.6383409725347813,0.5977734710275404,-0.013077722194899626,0.017667579320361153,0.5002213222984753,1.0,0.06756096851971112,0.00042006580400891084,0.05118447515274378,-0.0016917624000968097,-0.0033626134517963937,0.10956399267364131,0.16556838407920962,0.001935690670857371,0.0007475294176715455,0.02022820454705413,0.004701983486314555,0.02156614593683249,0.021910333512769477,-0.0010130881589758018,0.0013005295043573802,-0.00040700525468343466,-0.005518023696490469
Fwd Packet Length Std,0.002237069954943533,0.0012749302086135672,-0.00024711855009185943,0.029465130852274507,-0.002115884484776974,0.9656897436021311,0.8742102282439007,1.0,0.23018201316236678,0.11733591595046541,0.30674646490009344,0.016103456961674433,-0.04471816089344895,-0.005815344180485458,0.00035511172092794616,-0.0004685241844641523,-0.0012111271690615497,0.0023697709162808383,-0.004946056625804161,0.0014878473234067715,-0.00023264369964882077,-0.0013203842833123057,0.11159690263984128,0.020424943919235227,0.19422495653709085,0.15136022065397553,-0.04143473650607399,-0.04865480336107703,0.0019637716938864513,0.0025287525678133966,-0.03652188971777343,-0.04644990350418069,0.7163528662793861,0.45082924312066297,0.722364971624464,0.6260683544188479,-0.05464565040541972,-0.006064848278543952,0.45716917604396073,0.8742102282439005,0.11733591595046541,0.0012749302086135677,0.02946551031914622,-0.00024711855009185927,-0.002115869101289153,0.23338163984692073,0.22727604054416448,0.0011963589089346199,0.002796258505805044,0.012440882701431948,0.007511890894032005,0.020046072076772312,0.012877650530162913,-0.0008621157899764827,0.0010528023235414458,-0.0004074578788679048,-0.004510533211167182
Bwd Packet Length Max,0.013939943911657886,0.053170336777780464,0.05567332222943062,0.010868465938964374,0.048314079122585084,0.3194523589596082,0.14246057268921325,0.23018201316236678,1.0,0.8069824339622792,0.9398909882930511,-0.017817552974402958,-0.07239576196072194,-0.007924441643912941,0.0005119581759420989,0.00022810459991245223,-0.0016610942387529398,0.013808519000815391,-0.006889981233513154,0.0015112333348497018,0.0002884052751041829,-0.0017604183535207597,0.415435368469085,0.05559059122713204,0.28172779035258494,0.2806925888182142,-0.04776810146314673,-0.12256474511126907,0.002249841350319989,0.0026805776471123944,-0.0618859981095275,-0.06472017361061826,0.8079131332094944,0.7040609072118706,0.7603886866266033,0.30442429263130255,-0.05973877733154134,-0.148738867328997,0.6776115004603394,0.14246057268921322,0.8069824339622792,0.053170336777780464,0.010868662825137819,0.05567332222943062,0.048314141563449514,0.10596744515727888,0.30689970924772614,0.037377279164296465,0.0031271244805748943,0.03661845602395937,0.05109003304971822,0.07008534259501177,0.025717396556685604,0.0017996788462842435,-0.00041639676552475446,0.00034028983962901136,0.009332012008902432
Bwd Packet Length Mean,0.009719594401249332,0.05310940678146516,0.06766889767817041,0.007216988996640591,0.053735723491008074,0.1799200736559184,0.06756096851971112,0.11733591595046541,0.8069824339622792,1.0,0.7598134581250203,-0.011166306980575793,-0.06609907768681055,-0.007965880284017589,0.0001807788890662877,0.00023807547338475048,-0.0015962065919845666,0.00955858207394045,-0.007134116355732399,0.0010866833673577373,0.00023496730515339424,-0.0016133171754376132,0.2982374242494123,0.01077025640043715,0.1814072968070286,0.23908390571940544,-0.029734334925771603,-0.10863006860587805,0.0013905066895068701,0.0012572054278634373,-0.05751098690529364,-0.05533105244856472,0.6462825736070962,0.873016097991279,0.7204000372716917,0.3231275139487516,-0.002936857379999834,-0.14308930431105218,0.8580282071615228,0.06756096851971112,1.0,0.05310940678146516,0.007217145115101032,0.06766889767817041,0.05373584130388884,0.07428184425384178,0.061356698425054715,0.03096626582577473,0.0018246893623844749,0.04074972421665835,0.05108034546047573,0.0708497418999853,0.029616546175244608,0.0010341960288284325,-0.00035906532430600695,4.555354825576394e-05,0.006124469424587228
Bwd Packet Length Std,0.012140347021656442,0.020864640810429477,0.019080095394469407,0.0076486589993261895,0.014635142850483873,0.3649254671124147,0.18724925244540733,0.30674646490009344,0.9398909882930511,0.7598134581250203,1.0,-0.01764974957187067,-0.07295977120713505,-0.007961459224340836,0.0005449216632791059,7.785235683872563e-05,-0.001667079265252634,0.011998465782297654,-0.006977147911316,0.0015760048698124874,0.00011582293603406577,-0.0017870035051700372,0.3673061243713576,0.0459354458174087,0.2760315893281803,0.25687090022959963,-0.05306869742221103,-0.1282679832355643,0.0026938963744395626,0.003413811669575061,-0.06209821115717945,-0.06624555818380737,0.7871713039086544,0.6642431382616808,0.7936365658465883,0.28528968633133,-0.05707939086142805,-0.1478954120397639,0.63924561447757,0.18724925244540735,0.7598134581250204,0.02086464081042948,0.007648818148690961,0.01908009539446941,0.01463541003223129,0.17255900192051113,0.32351143745259003,0.01555946736821105,0.0038099090043468313,0.023458746022310895,0.038981960775369945,0.05172569565419543,0.01514175086359315,0.0010665560059187676,-0.0005090116108754129,9.31516451981485e-06,0.006523452113568744
Flow Bytes/s,-0.0008225817546844259,0.0018362039978989345,0.0018106654834354505,0.001283975023636123,0.002057949588817414,0.007092483552303978,0.031197726512056972,0.016103456961674433,-0.017817552974402958,-0.011166306980575793,-0.01764974957187067,1.0,0.2680083227514282,-0.0005181023809542617,-0.00016488591513594291,-0.0003747505892641825,-8.631355513325622e-05,-0.0007894489519021424,-0.0005720128920324267,-0.00016449464521991073,-0.0003562835092460806,-9.491507130957666e-05,-0.013519071376066555,-0.007690947005945922,-0.01070758403900632,-0.011146466622887971,-0.0034492349642426673,0.05325658021806728,-0.0008456146610563483,0.00017125894209671063,0.2764749145235546,0.05747723159575019,-0.0030715686573044116,0.029545149268807996,0.006356227738097472,0.005073349343981384,0.021546485448351346,0.022653822682901878,0.04439632240266512,0.031197726512056972,-0.011166306980575793,0.0018362039978989347,0.0012839959216621338,0.0018106654834354505,0.0020580096180705474,0.005644163271923064,-0.010423282629304968,0.001699608587840311,-0.001385249112130776,-0.0029815966820693767,-0.0025848501697114993,-0.003811684484904642,-0.0024001056269357195,-0.0006639364958854462,-7.920266196419608e-05,-0.0003124907047751274,-0.0025208487480450938
Flow Packets/s,-0.00231799903132158,-0.0013663081694029384,-0.0015378607480233926,-0.001055189928200192,-0.0007529188587282835,-0.051447376735356376,-0.04175157706520744,-0.04471816089344895,-0.07239576196072194,-0.06609907768681055,-0.07295977120713505,0.2680083227514282,1.0,-0.0014556953778497226,-0.0004634896913556456,-0.0010543794347798693,-0.00024249313202867473,-0.0022242132262851964,-0.0016072475639838592,-0.00046247534559389216,-0.0010020675922406733,-0.0002666570162599046,-0.038142414794708056,-0.021618418292021775,-0.03011266061132367,-0.03141957039417373,-0.009694371826678596,0.0823418456315954,-0.0016484006213879814,0.0004932736975118134,0.9678080386708263,0.43639792662954113,-0.07037752110905278,-0.061259715758380844,-0.07078138043756377,-0.0205847023118309,0.046956732847192706,0.11383375130935663,-0.06251468945393977,-0.041751577065207435,-0.06609907768681056,-0.0013663081694029384,-0.0010551985874632682,-0.0015378607480233926,-0.0007529175560339399,-0.02097617690537103,-0.03257793100124278,-0.0007659213704623914,-0.0026777662839160775,-0.00851497072466048,-0.007301686348438227,-0.0108352803616281,-0.006887091517979297,-0.0018678882664376216,-0.00022281258336477946,-0.0008790787703291613,-0.007092378455826207
Flow IAT Mean,0.5429790832716654,-0.00016716084575149365,-0.00020247572887122745,-0.00012933775312818277,-0.00011042560703903128,-0.006227511716075601,-0.00597895231327472,-0.005815344180485458,-0.007924441643912941,-0.007965880284017589,-0.007961459224340836,-0.0005181023809542617,-0.0014556953778497226,1.0,-0.10114203347709079,0.2869638899879203,0.34773667637066596,0.542939179631551,0.9998872325805678,-0.10117907416268491,0.2869295476378352,0.34772883047932557,-0.0006801732122749897,0.003931920138852266,-0.0004561030284937949,0.0011603475757647455,0.0043789404952792,-0.0012975944863703286,4.776125755227754e-05,6.438407504754457e-05,-0.0012151700604566943,-0.001409913605357587,-0.00803875630655269,-0.008343588474628549,-0.008590600731716318,-0.002132512379387039,-0.0016934140178950648,-0.001993514775756753,-0.009070811725417991,-0.00597895231327472,-0.007965880284017589,-0.00016716084575149365,-0.00012933875884988405,-0.00020247572887122743,-0.00011042563561992017,0.016686442472443424,-0.005705914259162417,-0.00010792877293977447,6.251332519907302e-05,-0.00041646319190435303,-0.0004984071529353388,-0.0006134266966654296,-0.0002765295227919834,-0.027522552114137188,-0.027442746901900888,-0.024948613441470084,-0.01212688634108965
Flow IAT Std,-0.7158752109372306,0.0002990183529726267,-1.4627944897663274e-05,9.515465902275235e-06,-1.9862565758562134e-05,0.0004357670272210572,0.00034798989928997467,0.00035511172092794616,0.0005119581759420989,0.0001807788890662877,0.0005449216632791059,-0.00016488591513594291,-0.0004634896913556456,-0.10114203347709079,1.0,0.8958067780880051,-0.957674826103497,-0.7159013638522908,-0.10107133199343964,0.9999704502250681,0.8958012403539797,-0.9576433387295595,0.004655121419617601,0.00729913744124578,0.00506459954874325,0.006973891807561255,0.005992960364632554,0.000525524604684588,1.351280950196523e-05,1.899763335833593e-05,-0.00038691347598710267,-0.000448888976091685,0.0007911776199630165,0.000355759805643044,0.0006621275435529585,0.0007484262901520778,0.0004970906254597406,-0.0003525226406645537,0.0001719964483526642,0.00034798989928997467,0.00018077888906628778,0.0002990183529726267,9.515865525330519e-06,-1.4627944897663284e-05,-1.9862342329667994e-05,-0.0012298812416558435,-0.0014872749251762488,3.822878148865073e-08,1.7824808589869873e-05,0.00047592477971108077,0.0003453831896679856,0.0005237296848187392,0.0004032790106470518,0.9751203893942102,0.9567776706277586,0.9566143022564093,0.4898672259275258
Flow IAT Max,-0.49869143319565723,0.00041816328169516474,0.00013731408299210305,2.702097005477678e-05,8.175766098576802e-05,-0.0003197501716065215,-0.0006187605037458001,-0.0004685241844641523,0.00022810459991245223,0.00023807547338475048,7.785235683872563e-05,-0.0003747505892641825,-0.0010543794347798693,0.2869638899879203,0.8958067780880051,1.0,-0.7838085047506709,-0.49872429165585463,0.28698810597221563,0.8958004270824665,0.9999880847077742,-0.7837911210051568,0.0067273247161831395,0.00703302437739788,0.008556459821219607,0.010701940694035206,0.005035949621550209,8.695402576360115e-05,2.932949298180198e-05,4.350221109815442e-05,-0.0008801881561103151,-0.0010211283045623866,0.0005257544884799072,0.00040438860526016994,0.00035940193461199096,0.0013596525725816527,0.0001715462965723064,-0.0009613199286013968,-0.00013178388020584566,-0.0006187605037458001,0.00023807547338475015,0.00041816328169516485,2.7019961652035265e-05,0.00013731408299210308,8.175943816253692e-05,0.004593928312454543,-0.003685061364364264,1.530111152880932e-05,4.2125716863758744e-05,0.0011899082251553067,0.0008606096792942936,0.0011775270575700748,0.000970521354217765,0.9311408721229016,0.9410129925603719,0.948212652390469,0.3132459930534289
Flow IAT Min,0.8149277443450393,-0.0003343498150986809,-3.847114921691528e-05,-2.6860035463164828e-05,-1.9234807313794817e-05,-0.001309724745707447,-0.0012380062057211147,-0.0012111271690615497,-0.0016610942387529398,-0.0015962065919845666,-0.001667079265252634,-8.631355513325622e-05,-0.00024249313202867473,0.34773667637066596,-0.957674826103497,-0.7838085047506709,1.0,0.8149285170666207,0.34768668633922795,-0.9576761433285277,-0.7838216321298771,0.9999856110938802,-0.0008151755834802927,-0.0004558838237594564,-0.0006451296541906549,-0.0006696142639380059,-0.0001999037561438427,-0.00031801027041877843,8.11786264704294e-06,1.0871542725094912e-05,-0.00020242513954547267,-0.0002348694545684981,-0.00170422858999772,-0.0016866940056760088,-0.0017899762325448607,-0.0004876032629252469,-0.000390410522894649,-0.0003041498999951607,-0.0018111425639408478,-0.0012380062057211147,-0.0015962065919845668,-0.0003343498150986809,-2.6860283123006634e-05,-3.8471149216915284e-05,-1.9234825008529472e-05,0.005735069116067158,-0.0009727583822576951,-2.2355884960731166e-05,1.0664821841092792e-05,-0.00015706690329070718,-0.0001486106500332045,-0.00021016517812512728,-0.00012183487371429694,-0.937987958204655,-0.9236739607079517,-0.9280412974749853,-0.4307541717875019
Fwd IAT Total,0.9999768387665418,0.0007804624775574268,0.0011184545157862681,0.00037649548561008423,0.0007268593384844105,0.005017502681283223,0.00024883743480847386,0.0023697709162808383,0.013808519000815391,0.00955858207394045,0.011998465782297654,-0.0007894489519021424,-0.0022242132262851964,0.542939179631551,-0.7159013638522908,-0.49872429165585463,0.8149285170666207,1.0,0.5431005291638258,-0.7158708805764009,-0.4987163086286837,0.8149545980395158,0.03854454545379557,0.01663655736045896,0.02499387821452027,0.02647068133309722,0.006349431870059332,0.0008671549477346047,5.404978161852172e-05,8.98192583628315e-05,-0.0018567877182128667,-0.002153955060219244,0.011961487186922111,0.009282301661246793,0.010590134850151802,0.005143869608102522,0.0005308200165849661,-0.0028465569788800127,0.007874259056786055,0.0002488374348084733,0.009558582073940449,0.0007804624775574268,0.0003764917516831529,0.0011184545157862681,0.0007268509093588942,0.0075935271836389045,-0.006794917039161642,0.0006273453015146818,8.153407418576163e-05,0.006135330333464228,0.007699259086065439,0.009480164100807691,0.0039677383113743084,-0.6673158873941946,-0.668532530525546,-0.6846558613730365,-0.1599370462311165
Fwd IAT Mean,0.5430822902473651,-0.00015433290099282362,-0.0001941285956370948,-0.00011203245943659731,-0.00011489683801489717,-0.0052360424983218445,-0.005113775594260181,-0.004946056625804161,-0.006889981233513154,-0.007134116355732399,-0.006977147911316,-0.0005720128920324267,-0.0016072475639838592,0.9998872325805678,-0.10107133199343964,0.28698810597221563,0.34768668633922795,0.5431005291638258,1.0,-0.10114075538296576,0.2869978251434984,0.3477518220790595,0.0036313299562380575,0.01276361292688463,0.0019697070253233123,0.007144264912502021,0.01281474954330481,-0.0010177141081309452,5.252125759722819e-05,7.04696970628097e-05,-0.0013416799898581732,-0.0015567039542924326,-0.006740693343418069,-0.007339130538807603,-0.00739690546985052,-0.001405025940615569,-0.0014110170371707355,-0.002046131627347346,-0.008083092051355,-0.005113775594260181,-0.007134116355732399,-0.00015433290099282362,-0.00011203310502790941,-0.0001941285956370948,-0.00011489676100870238,0.016429941887942202,-0.00664740516972206,-9.566746572762604e-05,6.892772042279673e-05,-0.000301533110955849,-0.00027797943276404094,-0.00035417187727263563,-0.0002215095108878067,-0.02735396981307555,-0.02743254652460162,-0.024875861867420253,-0.011445175559544067
Fwd IAT Std,-0.7158635819988648,0.00031819938840292166,6.50038936649028e-06,3.248786987200569e-05,-1.0491227466401038e-05,0.0015792339522986642,0.001278590096011474,0.0014878473234067715,0.0015112333348497018,0.0010866833673577373,0.0015760048698124874,-0.00016449464521991073,-0.00046247534559389216,-0.10117907416268491,0.9999704502250681,0.8958004270824665,-0.9576761433285277,-0.7158708805764009,-0.10114075538296576,1.0,0.8958090774144328,-0.9576710605959935,0.0048438989481544015,0.002507929577588541,0.006760922932841431,0.006111584035206594,0.0003978114117743584,0.0007553358047446192,1.3032236845320527e-05,1.841415795579748e-05,-0.0003860666737024809,-0.00044790675407623833,0.0021718931821196746,0.0014767336141641968,0.002060576988923387,0.0015918512657905443,0.0007686195262894249,-0.0001425958698578022,0.0012598680858421465,0.0012785900960114737,0.0010866833673577373,0.00031819938840292166,3.248860542882895e-05,6.500389366490283e-06,-1.0490850245439234e-05,-0.0010352120018913447,-0.001422161449132032,1.0364473524823725e-05,1.6994137561905504e-05,0.0005741924797021927,0.0005067873455247939,0.0006689141763651807,0.0004458047641359838,0.9750887165571308,0.9567869117060988,0.9566032930491037,0.48971445127619945
Fwd IAT Max,-0.49871571940785603,0.0003910821841654831,7.008920161209319e-05,3.088407576738188e-05,3.5388621691126877e-05,-7.514496119821396e-05,-0.0004245682939072023,-0.00023264369964882077,0.0002884052751041829,0.00023496730515339424,0.00011582293603406577,-0.0003562835092460806,-0.0010020675922406733,0.2869295476378352,0.8958012403539797,0.9999880847077742,-0.7838216321298771,-0.4987163086286837,0.2869978251434984,0.8958090774144328,1.0,-0.7837951047681639,0.006593027374575519,0.006352496239602222,0.008063996140237582,0.010113767794111024,0.004491756485158983,0.00016228340063135965,2.7526660282063478e-05,4.119431573783269e-05,-0.0008365109369789218,-0.000970494762790928,0.0006894446424875048,0.0004405993612086338,0.000475549930186927,0.001428941490926753,0.00017312708818336184,-0.0009098936968756765,-7.354795993977435e-05,-0.0004245682939072026,0.0002349673051533941,0.0003910821841654831,3.088309154658354e-05,7.008920161209316e-05,3.5389171930023715e-05,0.004722537134245898,-0.003669655386606275,1.2110322773748367e-05,3.9649389226582604e-05,0.0010738474065914519,0.0008716833265463629,0.0011053051675885173,0.0008331592851690809,0.931129671827502,0.9410201461905149,0.9482119989205715,0.3131722872573261
Fwd IAT Min,0.8149417218314892,-0.0003370211369492936,-4.1167958007756546e-05,-2.8938651450936377e-05,-2.109774356788436e-05,-0.0014089258737061397,-0.0012503943218954245,-0.0013203842833123057,-0.0017604183535207597,-0.0016133171754376132,-0.0017870035051700372,-9.491507130957666e-05,-0.0002666570162599046,0.34772883047932557,-0.9576433387295595,-0.7837911210051568,0.9999856110938802,0.8149545980395158,0.3477518220790595,-0.9576710605959935,-0.7837951047681639,1.0,-3.116996518321767e-05,0.003230441802300373,-0.0006480661537381077,0.0011539681015794957,0.0037626228443170618,-0.00033689553514897665,8.94277924258711e-06,1.1929139347421818e-05,-0.00022259582021582985,-0.00025827557803464443,-0.0018186768304880557,-0.0017106876948055003,-0.0019140680638427944,-0.0005337239177836921,-0.00041604730512435407,-0.0003538156527553207,-0.0018210416011257332,-0.0012503943218954248,-0.0016133171754376128,-0.0003370211369492936,-2.8938914744737774e-05,-4.1167958007756546e-05,-2.109776218896839e-05,0.0056190540321934355,-0.001226110665153382,-2.346853655758961e-05,1.1799166865965449e-05,-0.00015358667594439889,-0.0001582762286285458,-0.00021405727900289585,-0.00011416515411203978,-0.9379278480979045,-0.9236681961727093,-0.9280128803264991,-0.43052375167468465
Bwd IAT Total,0.03896215951158095,0.02651426085457121,0.03142005332704861,0.010177975421014084,0.020201717511505474,0.18115998617325854,0.0597405372923538,0.11159690263984128,0.415435368469085,0.2982374242494123,0.3673061243713576,-0.013519071376066555,-0.038142414794708056,-0.0006801732122749897,0.004655121419617601,0.0067273247161831395,-0.0008151755834802927,0.03854454545379557,0.0036313299562380575,0.0048438989481544015,0.006593027374575519,-3.116996518321767e-05,1.0,0.4603462029571172,0.6735064929415596,0.7151226014524039,0.18747337701842537,0.021923487810655864,0.001191068196692422,0.0014684930608880673,-0.03184237953397763,-0.03693443987973476,0.3705024667111738,0.2928391911908031,0.3386781537454362,0.14649371830783028,0.011020580788550527,-0.04600788275158361,0.26548049576197114,0.0597405372923538,0.2982374242494123,0.026514260854571214,0.0101778858222587,0.0314200533270486,0.020201599670101607,-0.001979572648606244,-0.09719138438649828,0.016628150321066765,0.0016505180573300926,0.0773169092930361,0.1235738454071291,0.15588568987636947,0.04463600028091942,0.018124094367673278,0.0011850487487539319,0.007705462302977624,0.07284992112490267
Bwd IAT Mean,0.017668985312112556,0.0003074312217782593,-0.0004935110919805375,0.0006561372900466167,-0.001260001641502316,0.034873339965886936,0.026228347314133652,0.020424943919235227,0.05559059122713204,0.01077025640043715,0.0459354458174087,-0.007690947005945922,-0.021618418292021775,0.003931920138852266,0.00729913744124578,0.00703302437739788,-0.0004558838237594564,0.01663655736045896,0.01276361292688463,0.002507929577588541,0.006352496239602222,0.003230441802300373,0.4603462029571172,1.0,0.32183595036198964,0.662763999846501,0.9231470404191034,0.06287225886392883,0.0006935461055125901,0.000881823607601188,-0.018046788037319333,-0.020937062785457764,0.059182960811056354,0.016816796238600423,0.040863292137743576,0.030038719562082695,0.04962548782979818,-0.01567662866139279,0.01100980346376011,0.026228347314133652,0.01077025640043715,0.00030743122177825883,0.0006561610968895416,-0.0004935110919805377,-0.001259996207908318,-0.04620835688725603,-0.05493541473447464,0.0007623624319615552,0.0009444020132774767,0.01433069538035815,0.01926592574782014,0.026976543516269345,0.010205281872883828,0.018070241677666313,0.0007476060546131088,0.007659064556558632,0.0741624438314672
Bwd IAT Std,0.02588086035068665,0.004041012293846067,0.0033065122672946063,0.005073506526122424,-3.752495064032298e-05,0.22225090651636942,0.18387530932368884,0.19422495653709085,0.28172779035258494,0.1814072968070286,0.2760315893281803,-0.01070758403900632,-0.03011266061132367,-0.0004561030284937949,0.00506459954874325,0.008556459821219607,-0.0006451296541906549,0.02499387821452027,0.0019697070253233123,0.006760922932841431,0.008063996140237582,-0.0006480661537381077,0.6735064929415596,0.32183595036198964,1.0,0.822623702771688,-0.015743423257066774,0.022265807855749293,0.000835193057439579,0.0010555620514962555,-0.025137936344840295,-0.029162617088232243,0.33175701733636775,0.22073020642260283,0.309448607970283,0.1829326458699508,0.015665968152863852,0.028409354134026274,0.20523146920248853,0.18387530932368884,0.18140729680702858,0.004041012293846067,0.005073592770887557,0.003306512267294606,-3.749026942413921e-05,-0.021214860508258267,-0.07281565075479977,0.002897673715144517,0.001096825372640636,0.05650890721621913,0.0618428169080923,0.0754131263626529,0.039800721136627575,0.02105734480391416,0.0021052182139700676,0.009157571300917697,0.0842221167538754
Bwd IAT Max,0.027471667854991645,0.011351841368150619,0.01639893439701696,0.006410961117492812,0.008952192251877612,0.18571676579924296,0.15024032551399644,0.15136022065397553,0.2806925888182142,0.23908390571940544,0.25687090022959963,-0.011146466622887971,-0.03141957039417373,0.0011603475757647455,0.006973891807561255,0.010701940694035206,-0.0006696142639380059,0.02647068133309722,0.007144264912502021,0.006111584035206594,0.010113767794111024,0.0011539681015794957,0.7151226014524039,0.662763999846501,0.822623702771688,1.0,0.4479219580484612,0.03914582641771173,0.0008720500488339287,0.0011120607870140566,-0.026229898992851778,-0.030424723641398106,0.3113969202224812,0.27082162844897273,0.2983786436408231,0.17759017092958285,0.03252063494432448,0.005748590575619983,0.2537128205338372,0.1502403255139964,0.23908390571940544,0.01135184136815062,0.006410910350927624,0.01639893439701696,0.008952449775964577,-0.03317106359748329,-0.08376579662928416,0.0052154206887800696,0.0011726790506045137,0.08080744403562794,0.07150333316018058,0.09323076222609784,0.06221218243856778,0.026662699844582274,0.0024786113664051813,0.01159958340761455,0.1070667453908653
Bwd IAT Min,0.00709461873621154,-0.0010753815723068111,-0.0011763099563967833,-0.0008623180376980572,-0.0007547340608624036,-0.041315748306148876,-0.021123122871192293,-0.04143473650607399,-0.04776810146314673,-0.029734334925771603,-0.05306869742221103,-0.0034492349642426673,-0.009694371826678596,0.0043789404952792,0.005992960364632554,0.005035949621550209,-0.0001999037561438427,0.006349431870059332,0.01281474954330481,0.0003978114117743584,0.004491756485158983,0.0037626228443170618,0.18747337701842537,0.9231470404191034,-0.015743423257066774,0.4479219580484612,1.0,0.055544321424345525,0.0003359235387670858,0.0004296576315010158,-0.008092702833749913,-0.009388976942994575,-0.05210192500302791,-0.033143468682256316,-0.054838452729919315,-0.01818569269196079,0.04553888107843037,-0.019026767688557062,-0.032536849078822365,-0.0211231228711923,-0.0297343349257716,-0.0010753815723068114,-0.0008623247384524007,-0.001176309956396783,-0.0007547345448081082,-0.04251344244700106,-0.030243072410126866,-0.0005147093963424346,0.0004666174318718815,-0.0011891831140260706,-0.004524311327413063,-0.0038458478426245677,0.00041054840672930605,0.013066369242892131,0.0001999896712897781,0.005495535725214406,0.05438506069597423
Fwd PSH Flags,0.0007606229821466124,0.0035655500900538288,0.00561064035913184,0.0004476086328469613,0.004176947931775815,-0.05713173514373247,-0.004538902682113765,-0.04865480336107703,-0.12256474511126907,-0.10863006860587805,-0.1282679832355643,0.05325658021806728,0.0823418456315954,-0.0012975944863703286,0.000525524604684588,8.695402576360115e-05,-0.00031801027041877843,0.0008671549477346047,-0.0010177141081309452,0.0007553358047446192,0.00016228340063135965,-0.00033689553514897665,0.021923487810655864,0.06287225886392883,0.022265807855749293,0.03914582641771173,0.055544321424345525,1.0,0.0007493686516682456,0.000955894450688917,0.08514727334480392,0.01732177060427223,-0.10018612201932472,-0.06731555061583037,-0.09475050378096136,-0.02112867275888117,0.8488841589850211,0.05979546561058217,-0.0685523377645903,-0.004538902682113763,-0.10863006860587802,0.0035655500900538288,0.0004472650255564357,0.00561064035913184,0.004176306254544476,-0.07463800450151134,-0.0883834469921501,0.0014316339381297877,0.0010477025584522716,0.00803191590988976,0.0030875279901978994,0.006927106546831673,0.006837514243982096,0.0007737509090257988,0.00022347556533404184,0.00029625786124028386,0.00309748546627183
Fwd Header Length,5.727035176812268e-05,0.00032863641985100784,0.0005413707798393598,-7.142846440537153e-05,0.0005698364993222216,0.001818613370400509,0.0006829157328248986,0.0019637716938864513,0.002249841350319989,0.0013905066895068701,0.0026938963744395626,-0.0008456146610563483,-0.0016484006213879814,4.776125755227754e-05,1.351280950196523e-05,2.932949298180198e-05,8.11786264704294e-06,5.404978161852172e-05,5.252125759722819e-05,1.3032236845320527e-05,2.7526660282063478e-05,8.94277924258711e-06,0.001191068196692422,0.0006935461055125901,0.000835193057439579,0.0008720500488339287,0.0003359235387670858,0.0007493686516682456,1.0,0.1847377003718143,-0.0018951938449370735,0.0003664343980979886,0.0022998356578994208,0.0011039516964868432,0.002500421046478447,0.0008022780005359416,0.0008461621705038841,0.0008067748711693106,0.001092598203426868,0.0006829157328248986,0.0013905066895068701,0.00032863641985100784,-7.143095949754809e-05,0.0005413707798393598,0.0005698334205711086,0.002045490202760745,0.001854921226953803,0.00017915496528672547,0.670939162483826,-0.00030186859992736566,-0.00024898346590149006,-0.00027421895404505987,-0.00016185489146027895,5.534591251826454e-05,6.335205800308271e-07,2.4440892300477674e-05,0.00022303497878120145
Bwd Header Length,9.393799892824748e-05,0.0008081527586253778,0.0008692644982803441,4.5007868435763424e-05,0.0009277315469820419,0.0024349865196262345,0.0012898329547789892,0.0025287525678133966,0.0026805776471123944,0.0012572054278634373,0.003413811669575061,0.00017125894209671063,0.0004932736975118134,6.438407504754457e-05,1.899763335833593e-05,4.350221109815442e-05,1.0871542725094912e-05,8.98192583628315e-05,7.04696970628097e-05,1.841415795579748e-05,4.119431573783269e-05,1.1929139347421818e-05,0.0014684930608880673,0.000881823607601188,0.0010555620514962555,0.0011120607870140566,0.0004296576315010158,0.000955894450688917,0.1847377003718143,1.0,0.00041582162803189735,0.0004627357544336476,0.0029054783925604654,0.001580194475886944,0.0029968121561146643,0.001015813934982727,0.0010797979986160511,0.0010258766617854472,0.0015684949162976583,0.0012898329547789888,0.0012572054278634373,0.0008081527586253778,4.5007475671901944e-05,0.0008692644982803441,0.000927726003395652,0.0026014267630371183,0.0023578066696531516,0.0006216218082502269,0.24416256365083053,0.0002811474018291046,0.00026022866262190194,0.0003940673080195974,0.00022557927673943955,8.01139285611774e-05,6.657609055570332e-06,3.7239409468330526e-05,0.00030910080500968926
Fwd Packets/s,-0.00193509260579489,-0.0011557620087512817,-0.0013781113387026425,-0.0008806059111169674,-0.0006845122351822188,-0.042742977201880084,-0.034526738083102096,-0.03652188971777343,-0.0618859981095275,-0.05751098690529364,-0.06209821115717945,0.2764749145235546,0.9678080386708263,-0.0012151700604566943,-0.00038691347598710267,-0.0008801881561103151,-0.00020242513954547267,-0.0018567877182128667,-0.0013416799898581732,-0.0003860666737024809,-0.0008365109369789218,-0.00022259582021582985,-0.03184237953397763,-0.018046788037319333,-0.025137936344840295,-0.026229898992851778,-0.008092702833749913,0.08514727334480392,-0.0018951938449370735,0.00041582162803189735,1.0,0.20885788607136888,-0.05934479649254032,-0.05123739710093366,-0.05952524581468743,-0.017141990063450605,0.04850515108692154,0.07947035473182643,-0.05200947034425735,-0.034526738083102096,-0.05751098690529364,-0.0011557620087512817,-0.0008806131246946812,-0.0013781113387026425,-0.0006845121352724392,-0.016598920509568887,-0.03203200711501476,-0.00065878679055007,-0.0030560434085404576,-0.007109767560070741,-0.0060957342431044725,-0.009046557323229166,-0.0057509304859653335,-0.001559287653306341,-0.00018600075836781464,-0.000733841868488172,-0.005920626089241325
Bwd Packets/s,-0.0022447341501822997,-0.0012703430327332575,-0.0011374053508200546,-0.0010249451878426533,-0.0005210764222748545,-0.050687321057215635,-0.041818893641829974,-0.04644990350418069,-0.06472017361061826,-0.05533105244856472,-0.06624555818380737,0.05747723159575019,0.43639792662954113,-0.001409913605357587,-0.000448888976091685,-0.0010211283045623866,-0.0002348694545684981,-0.002153955060219244,-0.0015567039542924326,-0.00044790675407623833,-0.000970494762790928,-0.00025827557803464443,-0.03693443987973476,-0.020937062785457764,-0.029162617088232243,-0.030424723641398106,-0.009388976942994575,0.01732177060427223,0.0003664343980979886,0.0004627357544336476,0.20885788607136888,1.0,-0.06601712407312336,-0.059121241317638344,-0.06702249927023703,-0.020112785625642168,0.009954832728786821,0.16732401484926057,-0.06140630092374999,-0.041818893641829974,-0.055331052448564746,-0.0012703430327332572,-0.0010249536608076448,-0.0011374053508200544,-0.000521071485453149,-0.023417456472182074,-0.013148147248314914,-0.0006719785212127967,0.0005097131900872403,-0.008240737227932522,-0.007070153364543188,-0.0104885714724914,-0.006663805917192859,-0.0018090252285570619,-0.00021579152287977632,-0.0008513802854127803,-0.006868855986293369
