,Flow Duration,Total Fwd Packets,Total Backward Packets,Fwd Packets Length Total,Bwd Packets Length Total,Fwd Packet Length Max,Fwd Packet Length Mean,Fwd Packet Length Std,Bwd Packet Length Max,Bwd Packet Length Mean,Bwd Packet Length Std,Flow Bytes/s,Flow Packets/s,Flow IAT Mean,Flow IAT Std,Flow IAT Max,Flow IAT Min,Fwd IAT Total,Fwd IAT Mean,Fwd IAT Std,Fwd IAT Max,Fwd IAT Min,Bwd IAT Total,Bwd IAT Mean,Bwd IAT Std,Bwd IAT Max,Bwd IAT Min,Fwd PSH Flags,Fwd Header Length,Bwd Header Length,Fwd Packets/s,Bwd Packets/s,Packet Length Max,Packet Length Mean,Packet Length Std,Packet Length Variance,SYN Flag Count,URG Flag Count,Avg Packet Size,Avg Fwd Segment Size,Avg Bwd Segment Size,Subflow Fwd Packets,Subflow Fwd Bytes,Subflow Bwd Packets,Subflow Bwd Bytes,Init Fwd Win Bytes,Init Bwd Win Bytes,Fwd Act Data Packets,Fwd Seg Size Min,Active Mean,Active Std,Active Max,Active Min,Idle Mean,Idle Std,Idle Max,Idle Min
Flow Duration,1.0,0.13215371489668168,0.1096370440657525,0.03412074146627739,0.04500462862055086,0.28556254112384216,0.04158370105000334,0.2288149294054599,0.35383488343660924,0.22896101816857417,0.30582829956239127,-0.03343077621080672,-0.05965032028742497,0.382360646817961,0.6939831493601154,0.7460902732559017,0.2153471770986036,0.9943118746481274,0.5087247911057807,0.687115547993021,0.7474128305427642,0.2202195583944171,0.9156611473455999,0.517138799860696,0.6878747354661602,0.6913239428687759,0.10685849720162219,0.010743141338098438,0.13342573686338938,0.12254534445431288,-0.046809661885858354,-0.07672312505439566,0.3715665203049697,0.2553793895829007,0.33835696967721857,0.30596747751029113,0.010743141338098438,-0.06713664567435666,0.2118250373452797,0.04158370105000334,0.22896101816857417,0.13215371489668168,0.03412074146627739,0.1096370440657525,0.04505320277117394,0.10114211885337182,-0.14177276490913104,0.0877632141405491,0.10807553884544584,0.19270902489947708,0.1963432439692115,0.23594492174533,0.1347178648325352,0.7402203085881172,0.24749886628202636,0.7471586734037589,0.7130421335631486
Total Fwd Packets,0.13215371489668168,1.0,0.8546574129503973,0.7648495656635739,0.4927789327621843,0.10166495533317173,0.14649520033569755,0.0776493478371652,0.06599817044351908,0.07734229208874857,0.05150260513470383,-0.0003257193540500043,-0.010352103415601183,-0.0012772524287146222,0.03589752366859424,0.054896103744104266,-0.008226009320502898,0.1327095945344617,0.007799595069828128,0.04104332472849548,0.05670254639684346,-0.008975166401954995,0.12646702474984467,0.01762038851364292,0.04069037615071759,0.0596932900664023,-0.004955745733113647,0.003117320142964577,0.9235159787330929,0.7703000101075361,-0.007846956935322284,-0.01450075179589511,0.08619320764040261,0.12904165199265052,0.09468996570577362,0.0980354174177965,0.003117320142964577,-0.01468053423834901,0.11872134061561421,0.14649520033569755,0.07734229208874857,1.0,0.7648495656635739,0.8546574129503973,0.4927739719300854,0.02990611163178031,0.01786372543763683,0.8677422783177426,0.018113818245773104,0.10895711475295333,0.07676660155609086,0.11685826606457328,0.09156722084212662,0.04962099411423877,0.04201841858829769,0.05322677607547113,0.04394698851572066
Total Backward Packets,0.1096370440657525,0.8546574129503973,1.0,0.40875157906215914,0.849118287618981,0.09976688131750856,0.09709762731903634,0.07307039571395268,0.08100005220541996,0.12510301502752286,0.05840278204693949,0.0031585431428018864,-0.009665084427749914,-0.005162374955515557,0.03313536320131316,0.05416401309509211,-0.010444058835191795,0.10897291970729786,0.003613905630528925,0.0390951098364642,0.05414616704398031,-0.01072390848946658,0.12251368361010556,0.015414309878965691,0.04314672185905325,0.06791977245927037,-0.005444438877799178,-0.0054993391512472645,0.9306688881728359,0.983971730112009,-0.007858004800188743,-0.011259430357939077,0.09440090088797976,0.16857927785335908,0.1102953985081265,0.12049407375085658,-0.0054993391512472645,-0.013750075560382614,0.1586972346044539,0.09709762731903634,0.12510301502752286,0.8546574129503971,0.40875157906215914,1.0,0.8491285823287219,0.024460541299789685,0.010355998105570795,0.5122061504732117,0.0304816793454176,0.03566701090335014,0.016528531955255003,0.038331511657845645,0.03458774332510985,0.04944448568367413,0.037785673387650834,0.052339679704121754,0.0445131142548493
Fwd Packets Length Total,0.03412074146627739,0.7648495656635739,0.40875157906215914,1.0,0.006499684228282676,0.05189869027840518,0.16270500481431796,0.041197800239737466,0.005672515954190497,-0.0006434934437925332,0.0026886335338520044,0.0025079244544133875,-0.002407466813503027,-0.0030962484582441694,-0.0006118766460656154,0.006818986885040156,-0.002439406904021031,0.03434151906131837,-0.0027039894265918334,0.0005252615102989,0.007290005054622901,-0.0026553748142003858,0.03752483048752026,-0.0015902710131666755,0.0015636309917917367,0.009495971415508482,-0.0018922861014582944,-0.002004750699059737,0.49108185338540367,0.2557265218487551,-0.0018700184756213676,-0.0031788130948501,0.024905295875478496,0.05188167399705043,0.029992528175165817,0.02981933152526338,-0.002004750699059737,-0.003367391731811682,0.04885647013126648,0.16270500481431796,-0.0006434934437925332,0.7648495656635739,1.0,0.40875157906215914,0.006506575807510545,-0.0018088857209221853,0.0012259319296077872,0.8905990931296138,-0.0034645313469966153,0.07500784234271525,0.02322412363268433,0.07114120396542023,0.07758178921931437,0.005538604705922914,0.010156707985291596,0.006544415850551639,0.003660529906694562
Bwd Packets Length Total,0.04500462862055086,0.4927789327621843,0.849118287618981,0.006499684228282676,1.0,0.03460311524114978,0.0003358916561826808,0.01537669890424796,0.05008570535097387,0.12335910576582296,0.03165693460423001,0.00762988310409007,-0.0037160026067715123,-0.0036754636020918255,0.011393091872905263,0.030171715106181735,-0.0038152579289846573,0.04474851886379298,-0.0009193331488415585,0.01693917281227173,0.030289663009886815,-0.004195749704236437,0.0499337738168239,-0.00021412044010590576,0.015884880169093903,0.03632543498330904,-0.003358780678730204,-0.008211633977274663,0.6350366445793102,0.8798619115734332,-0.0030416650419327366,-0.004241387612047476,0.04968449336924019,0.14195842592424632,0.07318753860276105,0.09475017345601718,-0.008211633977274663,-0.0053858296988097,0.13585284883481175,0.0003358916561826808,0.12335910576582296,0.4927789327621843,0.006499684228282675,0.849118287618981,0.999999862346463,0.008133292241813514,-0.006089530556290195,0.011326865952113123,0.01377034676103689,0.0016746396667272454,0.003388064623212678,0.004608807251335371,0.0007590902246063861,0.027800107559216095,0.020150559224158822,0.029225685045327316,0.025101863081113344
Fwd Packet Length Max,0.28556254112384216,0.10166495533317173,0.09976688131750856,0.05189869027840518,0.03460311524114978,1.0,0.8035080599908161,0.9641945885227279,0.7433194653926748,0.426520777630975,0.6695556035088917,-0.0199374225840426,-0.0817323895974504,-0.057916289988481764,0.15320344854912601,0.14254049160792054,-0.08659834530435247,0.2858504195616532,-0.0037323227961345087,0.175972164912256,0.14192304556240942,-0.09368009077699352,0.3517212620152391,0.09746359198685116,0.22574202130341225,0.21886171546013555,-0.05194680589233295,-0.1293231698887788,0.12030760139198216,0.10634606858300677,-0.06374742156679458,-0.10680011011296932,0.7890799012896816,0.5812823786302364,0.7143750448369847,0.5594686464526692,-0.1293231698887788,-0.11807201326787004,0.5523898840882456,0.8035080599908161,0.426520777630975,0.10166495533317171,0.05189869027840518,0.09976688131750856,0.034636351382699215,0.1714172196300494,0.5466254397308296,0.08773506627644256,0.26758202533903025,-0.004202612168825876,-0.004326787858030663,0.00819083049802586,-0.0006301162628350066,0.12635222328834222,0.04802727943532852,0.1277369228310566,0.11880014661794558
Fwd Packet Length Mean,0.04158370105000334,0.14649520033569755,0.09709762731903634,0.16270500481431796,0.0003358916561826808,0.8035080599908161,1.0,0.8229405746111681,0.5319408888018219,0.29823505267787687,0.4764212332694547,0.05506784862194151,-0.08700521078206773,-0.10917084809245112,0.02944628657905572,0.017921531289984267,-0.1026897748465173,0.04447743065560881,-0.08345301128618574,0.055553844024290325,0.01804438131404073,-0.10742054079646479,0.10498921939378436,0.0015245196287257397,0.09255528023221508,0.08825796661599607,-0.03927866344025222,-0.08268523446799304,0.1222242550672142,0.07714388720458715,-0.06883930528100736,-0.10949340205933805,0.599104267496553,0.5282795685556678,0.5459635405322004,0.4102507894784379,-0.08268523446799304,-0.12648221722065234,0.5419219841811235,1.0,0.29823505267787687,0.14649520033569755,0.16270500481431796,0.09709762731903634,0.00033982507245136065,0.05306363230649827,0.4647243851854208,0.16899120789359978,0.062209712353306176,9.429364647250404e-07,-0.012576462887406742,0.006112985859760433,0.0074946439035472115,0.001379574367830265,0.019092958727757382,0.0047642150765332975,-0.0027265576354063405
Fwd Packet Length Std,0.2288149294054599,0.0776493478371652,0.07307039571395268,0.041197800239737466,0.01537669890424796,0.9641945885227279,0.8229405746111681,1.0,0.7225481847799736,0.40014653472283906,0.6715852710591595,-0.031143630695630566,-0.07346121334991336,-0.05568421393927065,0.13842481073590712,0.11779049339711765,-0.0822331392486595,0.2271683517320702,-0.00859639559108154,0.15439027390762386,0.11316285655272158,-0.0886128687538721,0.2880834435370099,0.09221815542169469,0.19595767677796266,0.18413285624521394,-0.035298240831317676,-0.08815838820404624,0.09382354707606246,0.07885361540176059,-0.05621150600578531,-0.1006407634266863,0.7735679093299638,0.5504902047945639,0.7139863381173107,0.5618148779621828,-0.08815838820404624,-0.11401193340815143,0.5185662663584844,0.8229405746111682,0.40014653472283906,0.0776493478371652,0.041197800239737466,0.07307039571395268,0.015395521818247519,0.19263608768458917,0.5490828683744498,0.06989299865304235,0.3177630411637894,0.0016185398674702456,-0.003859736242015852,0.012234121067281079,0.005731654130952342,0.10022062124827015,0.04115271116320764,0.102063028842015,0.09346473620854809
Bwd Packet Length Max,0.35383488343660924,0.06599817044351908,0.08100005220541996,0.005672515954190497,0.05008570535097387,0.7433194653926748,0.5319408888018219,0.7225481847799736,1.0,0.7829703739779743,0.9715359741195533,-0.04175948886833705,-0.09632420092201717,-0.053805206861770975,0.28558970281364643,0.3006090176771329,-0.09502385201525036,0.35041473802263556,0.015366307050338812,0.32474941437783533,0.29103887028772296,-0.10347209387957013,0.4280836538424761,0.1318761705740495,0.4011979629746786,0.39719388682691353,-0.06428904319285023,-0.21251626353980121,0.09390491963227657,0.09292554567341625,-0.07624125513823117,-0.12109815944144461,0.9882782083694016,0.7747084744987193,0.9527840816349006,0.8399341903020172,-0.21251626353980121,-0.13421654243137132,0.745734337199208,0.531940888801822,0.7829703739779743,0.06599817044351908,0.0056725159541904996,0.08100005220541996,0.050132840492650516,0.17835679116100883,0.45650317320464207,0.03835943804866582,0.2739965865604087,-0.04782367727260729,-0.024894775601192378,-0.03905850071967581,-0.042251944632664414,0.29521093792160263,0.049574281212641104,0.2897148230431846,0.29220035534244
Bwd Packet Length Mean,0.22896101816857417,0.07734229208874857,0.12510301502752286,-0.0006434934437925332,0.12335910576582296,0.426520777630975,0.29823505267787687,0.40014653472283906,0.7829703739779743,1.0,0.815819868638182,-0.023269535814092676,-0.08790438028838897,-0.0792720679566238,0.18292859871477737,0.23395710938098843,-0.09069568848181232,0.2275535564705531,-0.03462336896045979,0.23295994539967302,0.22613828313292927,-0.09717626717393027,0.29121515202852943,0.04507746580082294,0.26180281031925,0.31282642748135736,-0.036991668160067416,-0.19168096408580082,0.10640414120689537,0.13493502731970056,-0.07060591480104811,-0.10610322065240542,0.767212169996112,0.9339702952699619,0.8877539474874886,0.9352910346794051,-0.19168096408580082,-0.1282899139732207,0.9275245164092537,0.29823505267787687,1.0,0.07734229208874854,-0.0006434934437925326,0.12510301502752286,0.12346655270056392,0.06850097119816467,0.1485766994689687,0.019620665496055678,0.08089528082778441,-0.054994178690392866,-0.02987623850105852,-0.0475499403171489,-0.04849920097633954,0.23264723579872912,0.0441929014307615,0.2290698237689112,0.22922278833993343
Bwd Packet Length Std,0.30582829956239127,0.05150260513470383,0.05840278204693949,0.0026886335338520044,0.03165693460423001,0.6695556035088917,0.4764212332694547,0.6715852710591595,0.9715359741195533,0.815819868638182,1.0,-0.0414102761712482,-0.0840355054703477,-0.0446909681801897,0.26033545193987206,0.274955740982764,-0.08127768277152245,0.3002534845379351,0.014454338512256148,0.29184575157530745,0.2609268432592637,-0.08886003562156435,0.36807647675486665,0.11273145832544905,0.36533042537597293,0.3569040493366596,-0.06021155354150683,-0.18470552337656151,0.07626721162571172,0.06929791602993016,-0.06609308546473286,-0.10745550730341706,0.9611545033746546,0.7737159938082404,0.9605015990457512,0.888746349543467,-0.18470552337656151,-0.11471668948912471,0.7427750977079026,0.4764212332694548,0.815819868638182,0.05150260513470383,0.002688633533852006,0.05840278204693948,0.031693055143186454,0.19332896873533206,0.41697235117042303,0.031812135918093926,0.3145015129183077,-0.04314403772864652,-0.022264533830850853,-0.035429053135591596,-0.03823670279310113,0.26892575835946203,0.048872537096576726,0.26439173881019756,0.26558730481377724
Flow Bytes/s,-0.03343077621080672,-0.0003257193540500043,0.0031585431428018864,0.0025079244544133875,0.00762988310409007,-0.0199374225840426,0.05506784862194151,-0.031143630695630566,-0.04175948886833705,-0.023269535814092676,-0.0414102761712482,1.0,0.4234068426437168,-0.015855527258598415,-0.02952188150075985,-0.02949866564891985,-0.007968266598119311,-0.031837628371908205,-0.019629509334024357,-0.025804468270647474,-0.027318677767752902,-0.00881138931683712,-0.030037019923182515,-0.02212395733679892,-0.02546278677728307,-0.02612457350730421,-0.007646299103307856,0.03821513525384845,0.00010099497214931911,0.0027291803257614225,0.4404881257324952,0.08081026434871735,-0.03307166570191325,0.0053257612251336834,-0.02585052579931598,-0.018166368757567327,0.03821513525384845,-0.01024284977106359,0.018125922452882425,0.05506784862194153,-0.023269535814092683,-0.0003257193540500037,0.002507924454413388,0.0031585431428018855,0.007630720009516288,-0.025830754478025294,-0.03042617703392766,-0.001326580891355403,-0.022381095600976612,-0.008370531272774102,-0.005950063705364651,-0.009035319756484332,-0.007041055158341426,-0.027309695657591324,-0.011551416240346788,-0.027810949235979404,-0.026117180832388936
Flow Packets/s,-0.05965032028742497,-0.010352103415601183,-0.009665084427749914,-0.002407466813503027,-0.0037160026067715123,-0.0817323895974504,-0.08700521078206773,-0.07346121334991336,-0.09632420092201717,-0.08790438028838897,-0.0840355054703477,0.4234068426437168,1.0,-0.028230378883226943,-0.052616305450908965,-0.05263225253129695,-0.014179199407980982,-0.056801109639881095,-0.03495520667601345,-0.046000628362601145,-0.04873608681177172,-0.01567618827098878,-0.05361537335706979,-0.039407322326593455,-0.045397924139166046,-0.04663640966287614,-0.013612920056964774,0.03461446908172739,-0.01128233308763667,-0.010537231134612314,0.9782232686544777,0.4570568397634576,-0.09632886256537486,-0.090658610514873,-0.09127558873623257,-0.06885651817335707,0.03461446908172739,0.1581285562158573,-0.0962045558281946,-0.08700521078206773,-0.08790438028838897,-0.010352103415601183,-0.0024074668135030276,-0.009665084427749913,-0.0037197080188478234,0.027996460434942964,-0.03168056303380608,-0.00694129101879764,0.04063085764936399,-0.014961696171705459,-0.010612543462589911,-0.0161454309987568,-0.012596916441125974,-0.048674378723683284,-0.020614017010179807,-0.04957050289120826,-0.04654493257535638
Flow IAT Mean,0.382360646817961,-0.0012772524287146222,-0.005162374955515557,-0.0030962484582441694,-0.0036754636020918255,-0.057916289988481764,-0.10917084809245112,-0.05568421393927065,-0.053805206861770975,-0.0792720679566238,-0.0446909681801897,-0.015855527258598415,-0.028230378883226943,1.0,0.1988504002399823,0.5505558504142567,0.9626052098339469,0.37631631525608444,0.9674695169643351,0.16202049908448612,0.5455886553475564,0.9562271531471239,0.11746744501540379,0.18111116546764175,0.11220269855134453,0.12403286360278803,0.12481100812285942,0.01760594593730658,-0.0042694376507657955,-0.003355616080970119,-0.022152999301937128,-0.03631183895572064,-0.054331700172531784,-0.0863125752867678,-0.06105290538674156,-0.04124271247247206,0.01760594593730658,-0.011764893302974592,-0.10319499867111499,-0.10917084809245112,-0.0792720679566238,-0.0012772524287146226,-0.0030962484582441685,-0.005162374955515557,-0.0036784944559193553,0.16339261102964958,-0.08019284896528199,-0.0028328795503146926,-0.060175734836249516,0.015549760119778861,0.004970505108178311,0.014550948495642533,0.016039669440223808,0.556818504934844,0.0732379190139855,0.5473995986829255,0.5562523292801757
Flow IAT Std,0.6939831493601154,0.03589752366859424,0.03313536320131316,-0.0006118766460656154,0.011393091872905263,0.15320344854912601,0.02944628657905572,0.13842481073590712,0.28558970281364643,0.18292859871477737,0.26033545193987206,-0.02952188150075985,-0.052616305450908965,0.1988504002399823,1.0,0.8383086149644373,-0.044464780502550656,0.6733156094308258,0.35588686152593463,0.9378903173601284,0.812108888829328,0.004445968661189969,0.6994014503389651,0.7562020442351924,0.7994557409571114,0.8569666902583326,0.4234650858665751,0.1430104757761493,0.04632088309714165,0.040292519942544985,-0.04128958954308861,-0.0676768931130666,0.294855559265378,0.18613981356783404,0.2660680232377798,0.23227716891717257,0.1430104757761493,-0.054075826229233834,0.1552745953588003,0.02944628657905572,0.1829285987147774,0.03589752366859425,-0.0006118766460656153,0.03313536320131316,0.011406911432899002,0.024264764817162325,-0.10911904255414422,0.0200557096255294,0.20432590781560375,0.053579250091760365,0.041177468410807716,0.0588223574655823,0.0436722634901011,0.8273047304468225,0.29409555428621287,0.8372207411453818,0.80114935983682
Flow IAT Max,0.7460902732559017,0.054896103744104266,0.05416401309509211,0.006818986885040156,0.030171715106181735,0.14254049160792054,0.017921531289984267,0.11779049339711765,0.3006090176771329,0.23395710938098843,0.274955740982764,-0.02949866564891985,-0.05263225253129695,0.5505558504142567,0.8383086149644373,1.0,0.38784462118724006,0.7316132279100032,0.6483992843983484,0.8437496564824494,0.9822625090141279,0.39864640720875066,0.6440254935413074,0.5291748870608646,0.7924267296399355,0.8644630938428624,0.2227046964464838,0.061156581737713434,0.061597211582862625,0.058952464849476555,-0.04130252571373544,-0.06769559631312123,0.30708431530012203,0.2448461879681331,0.29186797392222436,0.2818746340133799,0.061156581737713434,-0.04987943979152537,0.21081790124122599,0.017921531289984277,0.23395710938098843,0.054896103744104266,0.006818986885040156,0.05416401309509211,0.030204471090512795,0.11037001114576354,-0.12263510855192,0.02700612336350563,0.11557634790026303,0.07865808829212288,0.07563661992325131,0.08763002128040996,0.05574212825831664,0.988859150689146,0.33167577942167326,0.9975752557080314,0.9643769657648578
Flow IAT Min,0.2153471770986036,-0.008226009320502898,-0.010444058835191795,-0.002439406904021031,-0.0038152579289846573,-0.08659834530435247,-0.1026897748465173,-0.0822331392486595,-0.09502385201525036,-0.09069568848181232,-0.08127768277152245,-0.007968266598119311,-0.014179199407980982,0.9626052098339469,-0.044464780502550656,0.38784462118724006,1.0,0.21810894273800102,0.8913387473004595,-0.03956595736558787,0.3936617907904166,0.9739554083470916,-0.05115031139883037,-0.03714266486600271,-0.0434642252026866,-0.044511795721217454,-0.012341989804351269,-0.025909911276311724,-0.013101967699705338,-0.011251926794115494,-0.011126628690903511,-0.01823868622997755,-0.0981916697399676,-0.09784694943363757,-0.09594148150366373,-0.06749112506178573,-0.025909911276311724,0.0007420833512739672,-0.10672224211609939,-0.1026897748465173,-0.09069568848181232,-0.008226009320502898,-0.002439406904021031,-0.010444058835191793,-0.0038188850860726648,0.16888296695602667,-0.05369710530125521,-0.007473852404126953,-0.12442953755080312,-0.008112590623636768,-0.007398435429205227,-0.009708356379880385,-0.006115191778058823,0.40018000466306264,-0.012803510975433691,0.3845343192443021,0.4100003436050263
Fwd IAT Total,0.9943118746481274,0.1327095945344617,0.10897291970729786,0.03434151906131837,0.04474851886379298,0.2858504195616532,0.04447743065560881,0.2271683517320702,0.35041473802263556,0.2275535564705531,0.3002534845379351,-0.031837628371908205,-0.056801109639881095,0.37631631525608444,0.6733156094308258,0.7316132279100032,0.21810894273800102,1.0,0.5112200488897013,0.6908235356702104,0.7512669609166133,0.22124766291047263,0.9077722090883763,0.4975312372474711,0.6685484143347162,0.6730831239141793,0.09942798258767661,0.01552905730852883,0.1335390883916622,0.12146326249128096,-0.04457358815757128,-0.07305928498012229,0.3685249394440721,0.2533563658624708,0.3337753085027552,0.29852164583740953,0.01552905730852883,-0.06340775909655792,0.21128307178055758,0.04447743065560881,0.22755355647055303,0.1327095945344617,0.03434151906131836,0.10897291970729787,0.04479720500946655,0.10426899218320465,-0.13684880588084786,0.08828675374147443,0.07955597231832681,0.18167532987930798,0.19779657368374806,0.22819504648975208,0.12112664193118505,0.7280062551065234,0.2239973677318481,0.7326942580093369,0.7033553911541556
Fwd IAT Mean,0.5087247911057807,0.007799595069828128,0.003613905630528925,-0.0027039894265918334,-0.0009193331488415585,-0.0037323227961345087,-0.08345301128618574,-0.00859639559108154,0.015366307050338812,-0.03462336896045979,0.014454338512256148,-0.019629509334024357,-0.03495520667601345,0.9674695169643351,0.35588686152593463,0.6483992843983484,0.8913387473004595,0.5112200488897013,1.0,0.31854226371168004,0.6594500656862038,0.9161601694154156,0.2709829845918928,0.33242091941920304,0.239890971150132,0.26445053232195326,0.2145412618116962,0.044618801391407975,0.00801813152668646,0.007405190881801149,-0.02742991793008743,-0.044962635385588555,0.01792105042293187,-0.03782308743764815,0.002800805983442048,0.007476372546549128,0.044618801391407975,-0.022904798951401656,-0.05870815202252955,-0.08345301128618574,-0.0346233689604598,0.007799595069828128,-0.0027039894265918334,0.003613905630528926,-0.0009192040950559517,0.16527734447031653,-0.09047305310435153,0.003918474273936561,-0.04039482249550517,0.005283483896075929,0.007742322837644746,0.009798525702617192,0.0031670749031446,0.6555767655566336,0.09259640209491515,0.6453424246316091,0.6524354710671149
Fwd IAT Std,0.687115547993021,0.04104332472849548,0.0390951098364642,0.0005252615102989,0.01693917281227173,0.175972164912256,0.055553844024290325,0.15439027390762386,0.32474941437783533,0.23295994539967302,0.29184575157530745,-0.025804468270647474,-0.046000628362601145,0.16202049908448612,0.9378903173601284,0.8437496564824494,-0.03956595736558787,0.6908235356702104,0.31854226371168004,1.0,0.8609299049177522,-0.04151545721694078,0.7001601158373149,0.64767523532577,0.8320561914046741,0.874761157199543,0.3109317381980273,0.14543430747504724,0.052539957897709905,0.04488297263870851,-0.03609789738414736,-0.05916832140138887,0.3341028761815963,0.2387442499779255,0.3060615632656675,0.2669396931447075,0.14543430747504724,-0.04949295869495779,0.2101558568266968,0.05555384402429031,0.23295994539967296,0.04104332472849547,0.0005252615102988991,0.03909510983646421,0.016958715359888573,0.03969276979602736,-0.09028783077268929,0.022281542932496307,0.15019490557872497,0.02382586859699897,0.038498741161318066,0.03459328336578263,0.010025347082476889,0.8376987403321066,0.2567082852126002,0.8425374686864502,0.8173228765255013
Fwd IAT Max,0.7474128305427642,0.05670254639684346,0.05414616704398031,0.007290005054622901,0.030289663009886815,0.14192304556240942,0.01804438131404073,0.11316285655272158,0.29103887028772296,0.22613828313292927,0.2609268432592637,-0.027318677767752902,-0.04873608681177172,0.5455886553475564,0.812108888829328,0.9822625090141279,0.3936617907904166,0.7512669609166133,0.6594500656862038,0.8609299049177522,1.0,0.4028226893651357,0.6418032668404735,0.5057423482929144,0.7681023067669652,0.8403851097176208,0.21094498321717592,0.07107011120990316,0.06289205766648052,0.058478863814907474,-0.038244762749171435,-0.06268560785161602,0.2981642511480764,0.23586841583154888,0.2790776893395318,0.26397108318688994,0.07107011120990316,-0.04477292187053997,0.20347172366407254,0.018044381314040722,0.22613828313292927,0.05670254639684346,0.0072900050546229,0.0541461670439803,0.0303226571890195,0.113801559096065,-0.113493153879081,0.028395441805585644,0.07761290475061705,0.06504866209672548,0.07886985017820408,0.07876114990747618,0.038322390169631036,0.9735044624060575,0.3072078317503179,0.9800829499186263,0.9513690745279978
Fwd IAT Min,0.2202195583944171,-0.008975166401954995,-0.01072390848946658,-0.0026553748142003858,-0.004195749704236437,-0.09368009077699352,-0.10742054079646479,-0.0886128687538721,-0.10347209387957013,-0.09717626717393027,-0.08886003562156435,-0.00881138931683712,-0.01567618827098878,0.9562271531471239,0.004445968661189969,0.39864640720875066,0.9739554083470916,0.22124766291047263,0.9161601694154156,-0.04151545721694078,0.4028226893651357,1.0,-0.03855977609953264,0.03475621321966634,-0.041471485736200464,-0.02069433770565071,0.07075215612869021,-0.026648505706021883,-0.013720117062170046,-0.011367327221557644,-0.012301179574170247,-0.020164940521589472,-0.1066106484471133,-0.10438612053043174,-0.10388650798243186,-0.0738498216001016,-0.026648505706021883,-0.0017600472436018876,-0.11359654163166344,-0.10742054079646475,-0.09717626717393028,-0.008975166401954995,-0.0026553748142003858,-0.01072390848946658,-0.004199735978403338,0.15901613634973463,-0.05898781551139178,-0.007804412513807607,-0.11218501628699855,-0.0053089526151831315,-0.00808096598732105,-0.007872908525912652,-0.002521059798199515,0.41056482713108805,-0.0050172220570986505,0.39536983677617404,0.4194074017062398
Bwd IAT Total,0.9156611473455999,0.12646702474984467,0.12251368361010556,0.03752483048752026,0.0499337738168239,0.3517212620152391,0.10498921939378436,0.2880834435370099,0.4280836538424761,0.29121515202852943,0.36807647675486665,-0.030037019923182515,-0.05361537335706979,0.11746744501540379,0.6994014503389651,0.6440254935413074,-0.05115031139883037,0.9077722090883763,0.2709829845918928,0.7001601158373149,0.6418032668404735,-0.03855977609953264,1.0,0.5651333182350504,0.7551500483817556,0.760663375550777,0.11823514999524691,0.009973803320155815,0.14881131200256362,0.13646183185234703,-0.04207418033195485,-0.06895939025180349,0.4482411458956456,0.3251960561510006,0.41046760680246636,0.35951597900208415,0.009973803320155815,-0.07258798576672737,0.284950453047677,0.10498921939378436,0.2912151520285294,0.12646702474984467,0.03752483048752026,0.12251368361010559,0.04998731953881124,0.09894953320402018,-0.11783714095134726,0.09686964002007621,0.21452637441738823,0.034265011554046605,0.03329580435501843,0.05884173757579439,0.028269187552749635,0.6441467036822509,0.19662572633742123,0.6460575540156945,0.6214249922470579
Bwd IAT Mean,0.517138799860696,0.01762038851364292,0.015414309878965691,-0.0015902710131666755,-0.00021412044010590576,0.09746359198685116,0.0015245196287257397,0.09221815542169469,0.1318761705740495,0.04507746580082294,0.11273145832544905,-0.02212395733679892,-0.039407322326593455,0.18111116546764175,0.7562020442351924,0.5291748870608646,-0.03714266486600271,0.4975312372474711,0.33242091941920304,0.64767523532577,0.5057423482929144,0.03475621321966634,0.5651333182350504,1.0,0.479644979266407,0.6213280463485116,0.8179505329811915,0.17609803763354737,0.02677907157279758,0.022822157238866325,-0.030924166574412857,-0.050686783777689114,0.1387408645125738,0.04356643647742264,0.10876486621306296,0.07020876903243861,0.17609803763354737,-0.05282065639326946,0.022376658502712095,0.0015245196287257386,0.04507746580082294,0.01762038851364292,-0.001590271013166676,0.015414309878965691,-0.00021309592516666366,-0.0010863383740915087,-0.07436926260083264,0.014528467836444854,0.169128013716011,0.009069104809658331,-0.0015608963803355996,0.012014934246820845,0.012783546672952966,0.5257712494416799,0.1861832329583309,0.5310502828201267,0.5044241232767249
Bwd IAT Std,0.6878747354661602,0.04069037615071759,0.04314672185905325,0.0015636309917917367,0.015884880169093903,0.22574202130341225,0.09255528023221508,0.19595767677796266,0.4011979629746786,0.26180281031925,0.36533042537597293,-0.02546278677728307,-0.045397924139166046,0.11220269855134453,0.7994557409571114,0.7924267296399355,-0.0434642252026866,0.6685484143347162,0.239890971150132,0.8320561914046741,0.7681023067669652,-0.041471485736200464,0.7551500483817556,0.479644979266407,1.0,0.9186937838802328,-0.01124563563598792,0.006420549618873871,0.0562929635669616,0.050123346715587457,-0.035625360734746,-0.05839128823647705,0.4110912096396482,0.2722326772918564,0.3700063426633019,0.3183584858042811,0.006420549618873871,-0.06152878285099047,0.24283236604635025,0.0925552802322151,0.26180281031925,0.04069037615071759,0.0015636309917917359,0.04314672185905325,0.015903268995957058,0.058870163860482126,-0.09225892510699886,0.025109055915557073,0.19794832046619706,0.013671812695396296,0.011140164890070022,0.01753128813583412,0.011528408537013183,0.7884525023979316,0.2618000782955298,0.7929837961809122,0.7679178609168033
Bwd IAT Max,0.6913239428687759,0.0596932900664023,0.06791977245927037,0.009495971415508482,0.03632543498330904,0.21886171546013555,0.08825796661599607,0.18413285624521394,0.39719388682691353,0.31282642748135736,0.3569040493366596,-0.02612457350730421,-0.04663640966287614,0.12403286360278803,0.8569666902583326,0.8644630938428624,-0.044511795721217454,0.6730831239141793,0.26445053232195326,0.874761157199543,0.8403851097176208,-0.02069433770565071,0.760663375550777,0.6213280463485116,0.9186937838802328,1.0,0.2593862231094588,0.04114039414846481,0.07651061940682304,0.0737927831935731,-0.036597708734233875,-0.059982250855767257,0.40508442675864775,0.33241581773950357,0.3832142250731376,0.352016445965539,0.04114039414846481,-0.0630085359961945,0.30106100442772554,0.08825796661599607,0.31282642748135736,0.0596932900664023,0.009495971415508482,0.06791977245927037,0.03636444741187028,0.051941895936319565,-0.09799570871698289,0.03499139762174832,0.1955261995867944,0.01792013761621452,0.015319510975946856,0.021078895801396755,0.0141224404896625,0.8541230096943375,0.3270518499051871,0.8648561020413343,0.8276033268146673
Bwd IAT Min,0.10685849720162219,-0.004955745733113647,-0.005444438877799178,-0.0018922861014582944,-0.003358780678730204,-0.05194680589233295,-0.03927866344025222,-0.035298240831317676,-0.06428904319285023,-0.036991668160067416,-0.06021155354150683,-0.007646299103307856,-0.013612920056964774,0.12481100812285942,0.4234650858665751,0.2227046964464838,-0.012341989804351269,0.09942798258767661,0.2145412618116962,0.3109317381980273,0.21094498321717592,0.07075215612869021,0.11823514999524691,0.8179505329811915,-0.01124563563598792,0.2593862231094588,1.0,0.18942977001913713,-0.0048880968994695385,-0.0056489252481759155,-0.010682586788140764,-0.01750888512114563,-0.06649830133986263,-0.04558547131070194,-0.05960047610516146,-0.05382567219713563,0.18942977001913713,-0.01772445357313971,-0.04958099791982522,-0.03927866344025223,-0.036991668160067416,-0.004955745733113647,-0.0018922861014582946,-0.005444438877799177,-0.0033619378791302163,-0.03907390490543879,-0.019678416277608708,-0.003579232449193896,0.04315533458027857,-0.0008364969754506385,-0.007911043183371625,-0.004208946803778952,0.0026630665163181254,0.22476639437346174,0.048304698593956065,0.2231034301433824,0.22005178591685043
Fwd PSH Flags,0.010743141338098438,0.003117320142964577,-0.0054993391512472645,-0.002004750699059737,-0.008211633977274663,-0.1293231698887788,-0.08268523446799304,-0.08815838820404624,-0.21251626353980121,-0.19168096408580082,-0.18470552337656151,0.03821513525384845,0.03461446908172739,0.01760594593730658,0.1430104757761493,0.061156581737713434,-0.025909911276311724,0.01552905730852883,0.044618801391407975,0.14543430747504724,0.07107011120990316,-0.026648505706021883,0.009973803320155815,0.17609803763354737,0.006420549618873871,0.04114039414846481,0.18942977001913713,1.0,0.008064966137553588,-0.006744009066202529,0.033900785762508524,0.01564891012858975,-0.19395034340956133,-0.1459715481213795,-0.17577506777113178,-0.14826596642813322,1.0,0.20294421034065466,-0.15353873865001838,-0.08268523446799303,-0.1916809640858008,0.0031173201429645775,-0.002004750699059737,-0.005499339151247261,-0.008219246983393448,-0.021676490896620774,-0.12287708599935722,0.004638342613263743,0.22169013390035094,-0.009563490764150235,-0.011907746080639048,-0.009857007612009614,-0.005890307380995362,0.053999830228301016,0.06401921592362174,0.06228994650466666,0.04372324680983291
Fwd Header Length,0.13342573686338938,0.9235159787330929,0.9306688881728359,0.49108185338540367,0.6350366445793102,0.12030760139198216,0.1222242550672142,0.09382354707606246,0.09390491963227657,0.10640414120689537,0.07626721162571172,0.00010099497214931911,-0.01128233308763667,-0.0042694376507657955,0.04632088309714165,0.061597211582862625,-0.013101967699705338,0.1335390883916622,0.00801813152668646,0.052539957897709905,0.06289205766648052,-0.013720117062170046,0.14881131200256362,0.02677907157279758,0.0562929635669616,0.07651061940682304,-0.0048880968994695385,0.008064966137553588,1.0,0.9107735135871786,-0.008502188775040548,-0.016017559460926208,0.11197166096269418,0.14813642540870206,0.11824230046362705,0.11869170501840186,0.008064966137553586,-0.013923504510555369,0.1364565751567703,0.1222242550672142,0.10640414120689537,0.9235159787330929,0.49108185338540367,0.9306688881728358,0.6350176384646006,0.048779364041009084,0.031072642595109806,0.6984236641929795,0.059658584517587036,0.03347724373370063,0.01661715013128764,0.03690555127952117,0.031997893508121725,0.05671894624013331,0.03634962812531756,0.05924543265441371,0.05194619022269873
Bwd Header Length,0.12254534445431288,0.7703000101075361,0.983971730112009,0.2557265218487551,0.8798619115734332,0.10634606858300677,0.07714388720458715,0.07885361540176059,0.09292554567341625,0.13493502731970056,0.06929791602993016,0.0027291803257614225,-0.010537231134612314,-0.003355616080970119,0.040292519942544985,0.058952464849476555,-0.011251926794115494,0.12146326249128096,0.007405190881801149,0.04488297263870851,0.058478863814907474,-0.011367327221557644,0.13646183185234703,0.022822157238866325,0.050123346715587457,0.0737927831935731,-0.0056489252481759155,-0.006744009066202529,0.9107735135871786,1.0,-0.008533073591250337,-0.012421200731847737,0.10447818652880117,0.17191481927760305,0.11855329122039598,0.12746088639514908,-0.006744009066202524,-0.014819920285404397,0.1610863315545678,0.07714388720458715,0.13493502731970056,0.7703000101075361,0.2557265218487551,0.9839717301120089,0.8798717592379116,0.02980006308489942,0.012757944741026261,0.39507083782317826,0.04282391158742076,0.023645131308026972,0.013515034922903154,0.027656508362361044,0.021913220053137884,0.05411477228521591,0.03968296357370293,0.05704702368251803,0.04891847255020347
Fwd Packets/s,-0.046809661885858354,-0.007846956935322284,-0.007858004800188743,-0.0018700184756213676,-0.0030416650419327366,-0.06374742156679458,-0.06883930528100736,-0.05621150600578531,-0.07624125513823117,-0.07060591480104811,-0.06609308546473286,0.4404881257324952,0.9782232686544777,-0.022152999301937128,-0.04128958954308861,-0.04130252571373544,-0.011126628690903511,-0.04457358815757128,-0.02742991793008743,-0.03609789738414736,-0.038244762749171435,-0.012301179574170247,-0.04207418033195485,-0.030924166574412857,-0.035625360734746,-0.036597708734233875,-0.010682586788140764,0.033900785762508524,-0.008502188775040548,-0.008533073591250337,1.0,0.26249609800712487,-0.07578848794170519,-0.07191954543273091,-0.07168534805457019,-0.05423937583686778,0.033900785762508524,0.08174572358177688,-0.0767020683937964,-0.06883930528100736,-0.07060591480104811,-0.007846956935322285,-0.0018700184756213676,-0.007858004800188745,-0.003044619672950789,0.02334890067262377,-0.03057609877520899,-0.0052909616335502325,0.035246115494302746,-0.011740636898220892,-0.008327586522933106,-0.012669490959745643,-0.009885072174876577,-0.038195800255063896,-0.01617655159490279,-0.038899039054042385,-0.03652474219446528
Bwd Packets/s,-0.07672312505439566,-0.01450075179589511,-0.011259430357939077,-0.0031788130948501,-0.004241387612047476,-0.10680011011296932,-0.10949340205933805,-0.1006407634266863,-0.12109815944144461,-0.10610322065240542,-0.10745550730341706,0.08081026434871735,0.4570568397634576,-0.03631183895572064,-0.0676768931130666,-0.06769559631312123,-0.01823868622997755,-0.07305928498012229,-0.044962635385588555,-0.05916832140138887,-0.06268560785161602,-0.020164940521589472,-0.06895939025180349,-0.050686783777689114,-0.05839128823647705,-0.059982250855767257,-0.01750888512114563,0.01564891012858975,-0.016017559460926208,-0.012421200731847737,0.26249609800712487,1.0,-0.12306007576758549,-0.11327844033192434,-0.11715040245016355,-0.08768452965833792,0.015648910128589752,0.38484070380241037,-0.11856720102161987,-0.10949340205933805,-0.10610322065240542,-0.01450075179589511,-0.0031788130948501,-0.011259430357939079,-0.004245952730942642,0.030099544600435457,-0.016256354494045295,-0.009596963874420541,0.037854191350706154,-0.01924533356860505,-0.01365190479772251,-0.020768142725553742,-0.016203035698906652,-0.06260854362005942,-0.026513959216917415,-0.06376106915254366,-0.059869653971016665
Packet Length Max,0.3715665203049697,0.08619320764040261,0.09440090088797976,0.024905295875478496,0.04968449336924019,0.7890799012896816,0.599104267496553,0.7735679093299638,0.9882782083694016,0.767212169996112,0.9611545033746546,-0.03307166570191325,-0.09632886256537486,-0.054331700172531784,0.294855559265378,0.30708431530012203,-0.0981916697399676,0.3685249394440721,0.01792105042293187,0.3341028761815963,0.2981642511480764,-0.1066106484471133,0.4482411458956456,0.1387408645125738,0.4110912096396482,0.40508442675864775,-0.06649830133986263,-0.19395034340956133,0.11197166096269418,0.10447818652880117,-0.07578848794170519,-0.12306007576758549,1.0,0.7849366605535328,0.9625188709367056,0.8479145069773495,-0.1939503434095613,-0.13653029517516777,0.7566277963910573,0.5991042674965531,0.767212169996112,0.08619320764040261,0.024905295875478496,0.09440090088797978,0.04973129206811433,0.18169532412556416,0.4520476542808268,0.061662220900276045,0.2847631447579288,-0.03756160335706568,-0.020088773748584508,-0.027871689029170973,-0.03244381674585605,0.3001208371489084,0.05743458951815197,0.2954941038168224,0.29590237965405275
